%YAML:1.0
---
calibration_time: "Tue Sep 29 09:12:25 2020"
Angle: 3.1296725945654322e+00
AxisX: -7.0914529507260649e-01
AxisY: 7.0473920192032857e-01
AxisZ: 2.1344970205743111e-02
TranslationX: -3.5878415293541246e+02
TranslationY: -4.2162334458500368e+02
TranslationZ: 9.4233143707270983e+02
