%YAML:1.0
---
calibration_time: "Wed Sep 30 09:05:49 2020"
Angle: 3.1278477060881533e+00
AxisX: -1.0747058064745220e-02
AxisY: -2.9175668199945101e-03
AxisZ: 9.9993799235092762e-01
TranslationX: -1.7189743692390888e+01
TranslationY: 7.5533368362369046e+01
TranslationZ: -2.4431141397388569e+00
