%YAML:1.0
---
calibration_time: "Tue Sep 29 17:18:00 2020"
Angle: 3.1330816164309545e+00
AxisX: -3.6600842540962360e-02
AxisY: -2.4167565191366456e-02
AxisZ: 9.9903769053925728e-01
TranslationX: -7.3225757880812905e+00
TranslationY: -5.4669778520212319e+01
TranslationZ: -3.5024708727643755e+01
